public/winds/wind-1.json
{"header": { "parameterUnit":"m.s-1", "parameterNumber":2, "dx":0.0344289384073298, "dy":0.026449798538623066, "parameterNumberName":"eastward_wind", "la1":40.24623646475861, "la2":39.346943314445426, "parameterCategory":2, "lo2":126.3422186630082, "nx":34, "ny":34, "refTime":"2017-02-01 23:00:00", "lo1":125.17163475715898 }, "data":
[rows 0 to 22 of 34, columns 0 to 33 of 34]
0.9446985175290015,-2.1632658366628394,-1.1632822711502924,-1.3502176837504762,-1.3523537961529157,-1.6220994518661749,-0.9167681679517097,2.0088445588594954,1.118459440535069,-1.375727164229741,-1.8286568208466425,-2.125133719919738,-2.4037724459643734,-0.5070406707087464,-2.1071363601128534,1.062179062635741,-1.759592151511875,-0.7193517306667142,-2.073449831991506,2.3827956641196097,-2.2416586609791334,-1.1008293523375432,-1.3213050141521023,-0.5597715410002434,0.38166394201070347,-1.3156474314625373,-0.6615725696539843,0.03847692067430624,-0.6679226219899113,0.18372999201961113,-1.2929017652704038,-0.39003105707567126,-1.4438019472748342,-1.7670087284931555
0.7860312076930213,-2.2494604049844256,0.3328120958552224,-1.2927736422570426,-1.3832656434720834,-0.6788781178592822,-2.0436010742474475,-0.010616159892124876,-0.6117083073974932,-2.53916985399429,-1.7534288071447803,-2.31943801074393,-2.413692407712732,0.22120382976627126,-0.21473002118626974,-2.1681701087326224,-3.0664627319202005,-1.8697422246081115,1.1428905643704017,0.31350025159631,-1.6067804112255575,-0.5698162407010534,-1.6556395867748503,-0.6992764953983543,-0.34337465984632126,-1.656699681474935,0.6813499422277409,-1.9748527430484253,-2.3978377152376473,0.8527082425677592,-1.5967124608485115,-2.145874427441647,1.9958494215196292,-1.2139498266095734
-0.48386278535286087,-1.613113981089896,-1.4844711427457662,-2.139019368547476,1.6106805281263574,-1.2204439798226832,-0.8850635196586172,-1.179440933461205,-0.7051937854775445,-1.9998487073020756,-1.7078800199095852,-1.347088910475404,-2.081662327391213,-1.058813069163313,-0.6802657480095644,1.1984817444758098,-2.2806124884179275,-3.1321756172079844,1.375015315401495,-1.666413178099133,0.7726486677570629,-2.4638356401136456,-1.4206166256336241,0.28932310139421,-0.5368171182068573,-1.3392417910529066,1.0665116238425263,-1.7347382306050183,-1.1555685428556155,-0.49064685620621656,-0.4106718049554725,-2.4469435219589126,-0.18030319563856492,-2.5473843797760773
1.5668891836111924,-2.4141729085965014,-1.8996609663589559,-2.4099349450039385,0.4821136212476496,-2.579678014776093,-1.801535711827836,-1.026736213253709,-0.580290867341936,-0.7213602573760455,-2.827897924314717,-0.6570173874378749,-1.235507336246675,-2.1986772782172417,-1.6852996925181587,0.8614339326796936,-1.8540620131489802,-0.71172346926729,-1.1977072664933819,-2.558307931308414,0.12622794091841388,-2.0181862340746757,-2.3642394141899747,-0.09724523209409743,-1.2598488877569827,-0.5464132928331233,0.6336782703832625,-2.1859629679539436,0.08855915070360286,-1.8892260037411057,2.106437316070729,-1.9271756688183757,-1.9277878496342038,-1.100505834596985
-0.6147366697759885,-1.9521815651079488,-0.8798093631647513,-1.6416852128263384,-0.3062812444288649,-2.1765807156128356,-2.1537993760591516,0.14595171084182343,-0.7601258428928857,-0.2595109638630434,-0.03487374585083776,-2.4784519486957115,-2.932621177136494,-1.2642243566955287,-2.815785749246484,-1.3510869005037307,-1.258775170389538,-0.23248528792715858,-0.5837945950180554,-1.1780372048196224,-2.541230092355426,-2.658988896251406,-2.42511784712559,-0.7449044693345761,1.0083028413135662,-1.4671335407118393,-0.8528310612196175,-1.2076705298164643,-0.8213695924910771,-0.3999590643655647,-1.4414949075017434,-1.0886070223834876,-2.681163411247852,-1.5017385756019457
0.283831679238234,-1.7595740663647148,-1.4236703455443673,0.2926084215094778,-0.9102641780652486,-1.9334910798162566,0.6983804819980914,-0.7674147990289715,-0.7626946852337821,-2.541123977928155,-1.8623016834131167,-1.3966695396192432,-1.0374155473276006,-1.8915938634394502,-1.8341587469680116,-2.6149680982592742,-2.068528281669991,0.6065545935220819,-0.7968010076357032,-0.554968192994395,-1.626946331749167,-2.227179206831227,-0.9907867440281269,0.07082750006667035,-2.5158395002692413,-0.22568511993975413,-2.433564567950328,-0.7819724362827986,-1.198235670393203,-0.8348909623622691,-1.4348478446691755,-2.5367095470825873,-1.8338629295089455,-2.560900264827757
1.977430464371565,-2.0923279350209336,-1.2614669470922562,-0.562894331125599,0.9567950265844369,-1.0062012611945859,-1.821683108034473,-1.854259965406426,-0.3665550630566261,-1.5962465124953815,-1.7253169951974907,-1.6898938985510392,-1.0820403353808934,-0.15640323298720643,0.5299220343907632,-2.58459093386148,-2.367276202922367,-1.390445905448751,-0.18770110665341208,-0.07878580025478225,-2.135422914969398,-2.226836869660562,1.255863985699384,-1.7137218113604504,-0.18117025000575174,-1.3686653372047453,-2.1242878178555578,-2.1513854112295117,0.9788892269103872,-2.4957617798459255,-1.4890931015902464,-1.6250960940163295,-2.4895017771236008,1.3298523878865056
1.7426368624314033,-2.0745941215079062,-2.120620716834913,0.11259537835468567,0.3611741095543266,-0.633536038503928,-0.1740797438205546,-2.2089951951077134,-0.002103403472131315,0.029906582379111608,-2.2775974101589207,-1.571904165325168,-2.029880357186107,-0.9854259681837516,-0.8093519010128052,-0.9398094601947672,-2.603818829072128,-0.36204344035247926,0.03857741069401797,-1.9193610896846058,-2.1414400892515055,-2.327292643807655,1.2505730871445335,-2.0619700265271703,-0.29495835403552106,-0.9122688206072973,-0.613089462389018,0.3971825908911161,-1.701855140035141,-2.93253239189267,-3.188617773495551,-2.262004426955503,-1.6029397183942493,-0.3896272305949772
0.010336204616590731,-2.181439742031304,-2.0830818102707767,-0.5055512880934687,-1.8099775286939241,-1.7051475225669652,-1.0249630566106132,-1.1223997383008262,0.6956662889581053,-2.4939067433096516,-1.9410907553800698,0.7487101462170839,-2.1417925529983717,-1.3491247153472978,-1.608134122851952,-0.46685117200664267,-1.0359666485967882,-2.5344827015039124,-0.10879998864473521,0.7355577907485351,-1.775749190777342,-1.5485911095867264,-1.620200637264801,-0.7871215945209451,-1.1384428279258658,0.3285322221461443,-1.6950239102107745,-0.8600937253038043,-1.7673175602957145,-1.260186875161253,-1.9439826031170133,-3.0072897468246307,-2.4364210931041255,-1.1055934987955534
-1.980836586541461,0.266013029311272,-2.2578100297180157,-2.3426487258158883,0.22930128958662374,-2.7196040635109364,-0.8312009073637087,-0.9255622339179069,-1.2195084649246475,-1.1267902354405477,-1.8483073555113154,-1.8232770850074822,-2.3256086560080416,-0.3935868477354398,-2.4170821220508247,-1.7868330137480082,-1.709791991570463,-0.2404936653300851,-0.017563074676159786,-1.275695053767882,-1.972989123302559,-1.6830901751490195,-1.6525519751030675,-0.4433111155303822,0.1092178938300957,0.6658879859657763,0.35916421020474965,-2.742907886991274,-2.7739302357449045,-1.9066558738783572,-2.0609694655676325,-1.448836193711072,-2.632204601251987,0.7820479529820543
2.564529606550647,-0.5610712314416597,-0.5214430445174186,-2.2106237602122434,-0.330774645479685,-1.9306458497382735,-2.606759194195643,-0.9842280464099408,-0.6859990935869932,-2.1028705560141825,-2.728240490673042,-1.2717529931921414,-1.6159766403051514,-1.3664267527832734,-0.2050407123913331,-1.0554995956149333,-1.9704210024740803,0.044789387460012,-0.21937239110044643,-2.1493521045687927,-0.16890358511737932,-1.477104784649934,-1.3062764899462123,-0.912760390364184,1.0475059703388172,-0.9753043160205933,-2.0099872570827664,-1.6909463210752278,-2.901922560771334,-3.3499762958319335,-0.7303583915663506,-2.7859436381155938,-2.029745329533828,-1.7181266022166555
-1.8312628730151683,-1.18759554711723,-2.01421297130986,-1.4475289800485185,-0.5481265126094753,-0.2675881034181186,-2.048938695809538,-2.9158797385995685,-2.8311563468182595,0.568344676518642,-1.722251527627949,-2.6299997627191476,-2.8074494561431926,-2.1928801086247316,-0.689054606277169,-1.791217483635318,-0.3709582219367834,-0.8237781141332063,0.461603083867286,-1.9197307030464683,-1.6626889317749636,-1.314787431003235,-0.612509749188142,-0.9728271979017058,-0.1696311409811305,-1.1210173635270593,-2.621496228114247,-1.2138768267492392,-2.2643202485652574,-3.0385086986631977,-2.7296555819558233,-0.5461532454871096,-2.2069284209732176,-2.7360066873274054
-0.6372222298921771,-0.19445196449196303,0.04474206776944666,-2.14418115822329,-0.4274958579323511,-0.46854346711783623,-0.6985334553953421,-1.1088100698607317,-1.935424900238006,-2.2868643802050284,-1.6025160515412569,-1.8863747064762668,-1.7711130116347833,-1.0404937903227272,-1.252209638390329,0.8122077128661127,-1.6972826268924777,-1.348476484921459,-1.8145260453394116,-0.06355783748278925,-1.537030715767058,-2.011374516811496,-0.8737830704603335,1.6583954901262974,1.2646881465040665,-2.328714505621482,-1.4772706558628361,-0.5073569396517545,-2.1406384655796997,-1.91014918366383,-1.4386202487133082,-1.9078795628456946,-1.2848267811414862,-3.0478469668220196
0.6581336715791426,-0.7853468359165949,-1.4189060425775504,-1.4553630863019102,-0.7681774702190879,0.018137525157524294,-0.1111293311792576,0.336144089150226,-1.3357408888409241,-0.3908324741414587,-2.3524128641436897,-0.6826936474069311,-1.6502974884264547,-0.6826110846763221,-2.0390822213924853,-0.43010248176693955,-0.11700242600542163,0.8954621959027532,-1.1188520105458946,-1.3715152569834206,-1.3615239457212067,-2.2581305714794646,-0.6316553860078785,-0.7010408428941025,-1.761086887524072,-1.8610676712629017,-2.372796103459028,-0.5203196105973478,-1.5066427472529975,-1.5333586070566774,-2.374063012250979,-0.3391957178324746,-0.14019070658489402,-2.704615191267482
-0.6153554112349211,-1.631061500986295,-1.5164307573281075,-0.9832895801420046,-0.8341976779665722,-0.7936852981370793,-0.471216954197287,-1.229283892584066,-1.276541486875681,-1.4153756178883241,-1.0224209759424296,-0.5474750986694445,-1.798609520501999,-1.4253840033345935,-2.5391934309106405,-2.5899994991747493,-1.5636399890384631,-1.3419014795148103,-1.3827780199392314,-0.018028190492055108,-1.3917521342634478,0.15526372974186278,-2.2568486639649064,0.2392746140648471,-2.058912887380279,-2.2283648836678243,-1.6705990261538135,-1.2677754347267385,-0.5741549149612091,-2.041226680061226,-2.6851983209655654,-1.214014625620416,0.8474775622654047,-2.0466393133444694
-1.3398772118815194,-0.1445483587081391,-2.0213590721934254,-1.2417638797297164,-1.1881650821651313,0.03622762824920696,-0.9730406035281176,-1.6979426837929386,-2.1387832109116243,-1.6421907734268226,-2.056305357470738,-0.5227490005849301,-1.099025297097002,-1.4407861687564838,-2.1732992631299877,-1.583188637689429,-0.5077844126340412,-1.4775708962396195,-0.6695210976714092,0.6723398694473746,-0.7249944172025664,-1.6849112209298742,0.26988349903040065,-2.247611792892313,-2.0051431361807026,-2.014350451560461,-2.1880846151976536,0.4776776614290218,-0.9383453550541837,-0.6143810622881292,0.46248793791297327,-0.3865202712450209,0.15627608516610603,-0.8982746166685319
-1.7950730286791226,-0.945075346540324,-0.0646622197126878,-1.8746528021814446,-1.3499855280921793,-0.972544330442677,0.392303026686064,-0.7327268689642557,-1.9050045259096045,-0.7263511645323963,-1.5434796346324036,-1.6276049480937602,-1.1235171475636827,-1.499880410548728,-0.6136925781381624,-2.1690255421205498,-1.5651500031198295,-1.1508952330488562,-1.2112762255401759,-1.8382497254935355,0.48718140019909156,-0.8718580283891287,-1.8561240985672844,-2.134981301964352,-2.1215583409654353,-2.8330831734865054,0.3374621607105959,-0.5278859117701342,0.1180024447354284,0.5732092999004094,-0.012614310536091427,-1.4053858519845772,-2.018311036409933,-2.5861512440795837
-1.2034070808333825,-0.7735510520939813,-2.1862422462831925,-2.0349081561896076,-1.6801108605168766,-1.0134026718002518,-0.4574334218198041,1.220435767612168,-0.8926695346274607,-1.3769173363452338,-0.6014361039722633,-2.0142040807164894,-1.0277311790811676,-1.5220646016294275,-0.6158062165563772,-0.008272457304766213,-1.834040375307118,-1.107160438664308,-1.258394708516141,-0.0012586953489767854,-1.8073636900143324,-1.432100512700189,-2.5057710013269245,-2.291483960560557,-1.3816064101907137,-0.422554824413745,-1.7186065164892368,1.1121560315440473,0.9271189101149783,-2.2570353214176584,-0.6345679310095246,-1.5482867824585382,-1.1379499210138304,-2.108239548888201
-1.1359505851686689,-0.027311752335027698,0.41489393267667785,-1.559445303758909,-0.28484633233820333,-1.6392636566565257,-0.7077153006714485,-1.1634293983384911,-0.5869189639482647,-0.6152970566440539,-0.6070993440578898,-0.7708137269288308,-1.0583894408787184,-1.3432747987313942,-1.1283116682338472,-0.4144416249844938,-0.31491858698656056,-1.4467646667076628,-0.30322205577334205,-0.1869331949903953,-1.0376664244466327,-2.358358647616246,-1.7508301999779747,-2.751700974462776,1.3895090978159936,-0.6081583060057117,-2.381190202574828,-0.28324792392113674,1.5635918423048356,-1.739198023080716,-1.6301814508561858,-0.5959272803387938,-2.2574924242785848,-1.3541652365471046
-1.6468903873933176,1.120650200133422,-1.8351677417786771,-0.6134772375713076,-1.335360852930304,-1.2381270984762385,-1.2529158911847211,-1.4125560598405495,-0.8425943216476734,-1.0680932856123282,0.24207465610299422,-0.8187474226104666,-1.6667692554263573,-1.1906502412319606,-0.4801210241715743,-1.9654068510640126,0.7502978274117729,-0.5887526788995006,-0.7650504106082948,-1.0827536704566452,-1.9985901463000564,-2.850203008031733,-3.1760259869096683,-2.6024297496189743,-2.3294316298235453,-0.8425018640886566,-2.3035949250106724,-0.6484443721038419,-1.3967877441548544,-1.6476752571807791,-1.571686912832878,0.661026616052709,-2.6618577395784047,-2.9137078254691104
-2.2044203038841004,-0.2310874034635972,-1.3866325671402957,-2.2889410128734453,-0.14105773468015004,-1.8882770157763398,-1.7645805216446893,-0.4506722052880818,-0.5279969613911445,-0.12932410129027938,-2.1093350371445396,0.03441506377277459,-1.607880987895225,-1.235263184933316,-0.11106311290398513,-1.1550177612242665,-1.4799775635269574,-2.1712277613403588,-1.620141055804505,-1.49853482685387,-1.064645122571503,-2.4738913068079893,-2.6172489777360863,-2.140871520336228,-2.2835986222551727,-2.6114608214865176,-0.47253974067322385,0.7778844589720072,-1.1193156666130204,-2.087611163558155,-0.9471429876281879,1.5455476463125948,-2.7182338608300007,-2.2786405364222055
-1.4706341432976735,-0.04400477849732406,-1.8740268422750699,-1.783901713012068,-1.5682922392155652,-0.46649792375432514,-0.7179653677338572,-1.7612592631384454,-1.021144637254156,-1.204672600722114,-0.524959347455189,-1.2103271768840436,-1.4229333978919738,0.33887991393562744,-1.3601734630654512,-2.062530606048959,-1.3735617474069854,-1.635397731653857,-1.027409919556756,-0.7492729933656087,-0.3422331376392329,-1.1869661869569152,-1.5978209245865485,-1.485820173313587,-2.772284944147397,-2.150718525538157,-0.354121309399484,0.2510204726992871,-2.4478832765925977,-2.102161854059404,-1.452529346860724,0.38355786029590494,-1.6597234560841636,-2.4812115391721927
-0.7100536523514243,-0.9845930814323466,-2.3449781344291454,-1.7118916675125315,-0.005886763255456952,-1.755653121128178,-1.0708404961664575,-1.5045848000258395,-1.9056789979366338,-0.77451915556951,-1.2855673931757017,-0.26335530933019125,0.6390603104179866,-2.3524958424538056,-1.6297866052173535,-1.2273399392985687,-1.5493227694928358,-0.8915799916397842,-0.33535329664902075,-1.78783294395225,0.9463502434458365,-1.3619775984145768,-1.7768576358221218,-2.456912939299008,-1.4593445518561803,-2.601858471122431,-1.7478572786931608,0.07290738166732792,-2.0986393975765534,0.03588204365149323,-2.8046887761919406,0.3581183353633276,-0.4141989424044254,-2.391525559673405
