public/winds/wind-1.json
{"header": { "parameterUnit":"m.s-1", "parameterNumber":3, "dx":0.0344289384073298, "dy":0.026449798538623066, "parameterNumberName":"northward_wind", "la1":40.24623646475861, "la2":39.346943314445426, "parameterCategory":2, "lo2":126.3422186630082, "nx":34, "ny":34, "refTime":"2017-02-01 23:00:00", "lo1":125.17163475715898 }, "data":
[rows 0 to 24 of 34, columns 0 to 33 of 34]
0.6016184097735933,2.6875231943050144,2.1562176044238712,3.1748090031508194,2.9772536354887196,1.8891514942575292,2.9089579107010923,0.846725184661824,2.588715604286801,3.0105605407631977,1.0922061305317095,1.6816380919984233,1.568049115309356,2.63159832767982,1.2302749123225891,2.196673767061977,2.5522216714732697,3.292329431813713,1.8064622316047447,1.6529624384881791,2.700938068089907,3.322374864014009,2.388943921396338,3.2318811583791587,1.646339161706618,2.1960582497024137,3.2942255136953547,1.8095909832267134,2.481688814302495,2.6035251660071337,2.3589203092433353,2.2971233694593844,2.2459599143897018,-0.6419346956108556
1.5970456914354862,2.9376738904118174,2.397005654739357,3.090507451841115,2.6620623883729255,2.9324434352757494,1.7798299495554846,2.7499795084962257,3.018644223266613,-0.06493421722494382,3.121199676130131,2.026476576305841,1.4582485936732164,3.021914768105933,3.593590268519958,0.08909758469436194,0.8421438794793329,2.5722488241842996,2.2571444698718564,0.7577054785660786,1.1224333878238957,-0.01447245084010041,2.656267599227157,3.08165740843842,3.1312288071898267,2.5130551457142456,1.5356308984343385,0.1426767089405651,0.5495218752551164,1.3891683314332366,1.253558661320279,2.701429795802953,1.4209451384975291,3.197299769879982
3.1632067281400644,1.936043203033524,2.350477701735347,1.31327687140936,1.7112008170622752,2.089716844961195,3.1063745051377016,2.495299397762954,0.9084061453578189,2.3555689647943265,2.858679037176723,3.4567978632361753,2.5477013079873,2.966717863998692,3.3720673943569084,3.0854078349803644,0.9485286910116058,0.4882375476832789,0.5994438108874987,2.590263909306839,1.680926540992567,0.7310362087515102,2.3078016385671742,1.1645995633691588,1.7285622296001046,1.3477505055081238,2.5239161943711164,3.062855411422056,3.314326680151271,3.060925621849534,3.6167594153626825,1.5188375161100385,2.1123188106066095,1.4476646095255796
2.0748152414810943,0.6494375777537889,1.0896734432352462,0.8023799354725065,1.1206990926236524,0.7624705503039928,2.234137211320955,2.1692885350716797,3.8565868989664347,3.0457411871461377,1.7772431824757449,0.7271369558785398,2.2421243547316116,1.8133720595209417,0.3437512856677044,2.988315843351903,3.2365651625446925,2.687349940609546,1.8334659265415736,0.09306196110367865,0.4319334519708996,2.77341383940289,2.2445427134253078,3.1284889906846347,2.1012569524019415,1.8927050782980595,2.4803330118441913,1.9809255167052566,0.9358190406412216,0.7958172571566983,1.7988390237774874,3.618838755942912,4.032931192916974,3.364593126667472
3.282940576195787,3.4453718430457805,3.2531270317169656,2.7467926135744833,1.8751511403913834,1.8552887614660731,2.1026764486452043,2.3154045214826597,2.7778784535984253,3.4201687180071794,2.169719756523946,1.0711096759932806,0.46971590500063554,1.3369131519802535,0.15411234324484324,3.519582956443451,3.733508413062811,3.4020656358890884,3.207301649491002,2.0909874088718876,-0.2113045614917773,1.5344960246321038,1.8331403185661879,-0.19498033635567888,1.715641390325784,0.19472846150047396,2.006259998359889,2.1201726088724047,3.0099421908952078,0.460578708617563,2.8232946058898176,3.6720341434710755,2.432234109247254,4.029240778428243
2.8659796890174927,3.2888902543223817,3.4151372955150108,2.6438570898711093,1.541271918297092,2.549825924307573,1.9592510564917693,3.137510880655448,-0.20590487394945778,0.21257687738460207,3.057487929650201,3.033960150875382,3.551586825936116,-0.4736799085861823,1.0829412222834316,1.055623912710523,-0.8595293758397069,2.6822735738692396,0.26591004913452965,0.4895000559392571,2.9968559581014116,3.0294013898225214,2.9268484121761658,2.539012301119139,1.422199567179309,2.4998332397657603,0.17709741278949406,2.3007431644783702,0.6432971927479177,2.56767542360124,3.115463314283804,1.4662894235927826,4.065531546522898,3.639270508440548
1.5459200362810668,2.273821411705641,2.908195512924422,3.0382972158738295,2.3636927205335483,2.5055057417556292,0.6065234157902412,1.5550305401151963,3.2896409204877597,2.83098870915204,2.9876046033708517,3.3588478101337023,2.7121188603394217,3.256246002486782,2.5249916113657003,1.0507091436744245,1.5869793253465718,0.7290817402876055,1.3671752976707428,2.4387277006009125,2.6969555009720865,2.069492100956259,1.8306298504676628,0.44278386744263487,3.1047185605965724,2.7144714392924127,1.0508573960868681,0.9701241221353193,1.2529468789373255,2.7179538513853205,4.140362512485633,3.9702849627215513,3.7125841272216893,2.5771093547679653
2.6000224548444257,2.1946433038206545,1.9338737744047776,1.8165137711487809,2.897577136607003,3.696096872095853,3.3554874821389764,2.2315779681631196,0.13998419801475248,2.119789045242569,2.0733909513734687,2.2198011836724,0.8738911462590762,3.0234641822302306,3.281668706668447,3.23630316542323,0.29073614389933233,2.685707457504957,2.8397379779451737,1.7090795790145998,2.2137376412182417,1.246318157646263,1.4037332202771973,2.950979432273892,2.864855942169633,2.8894057518714416,2.6294716790845163,2.8827670716679523,3.183675404675541,1.6194918247710473,1.2639686287832774,2.710025087048772,3.3458458211929263,3.558734412846636
3.139982987672724,1.0706169491869615,0.8236323037126607,2.723475334036832,-0.009019180840607934,1.259711048726549,1.6235303300472796,2.1326787914409984,2.4948243253598554,0.5779525548647119,2.791445267129203,1.8113622268755614,2.5236530387358553,0.17164644604265175,2.3650591203856157,3.4586341210362255,3.614467194898183,1.0927018970320448,1.6965148282496398,2.315999727216982,2.781495067666598,0.06607250039881735,2.5604393949099307,2.8015245127320956,1.4835255061993906,1.830755739854915,0.6057177096748753,2.769519594386908,3.9529088834768764,4.037923852634089,3.1481632166675224,1.5429220261061314,2.074572789052556,-0.6450294686454309
0.9103221503505088,2.948022569153201,1.4987974745457546,0.565771108694317,1.6642778970454157,0.7827220053983418,2.400146881254926,1.8961631130113499,2.431295766453997,2.3763930157521997,0.9968750772101628,2.177443609209345,2.168857851289584,2.570036846679378,1.8105562723269009,-0.8295346773825735,0.5938950627522597,2.970279918953111,1.8599170783687964,1.1387282949818014,2.3520658832885184,2.988663156382272,3.0966388180708044,1.919472650195154,2.2273238317917126,1.2993048872941415,1.029126362556124,3.516824750180348,2.8120830441543188,4.042964676893079,3.7853011586923784,4.544642305373747,0.3835347926171354,1.4981658784115257
1.3752410323740292,1.7103213362548395,2.8933885240880466,1.2097696436863845,3.001830797015013,0.746663647761413,1.5049606318693125,2.7172403560708562,3.0231449259997154,0.7115725013296984,1.7844617746121982,3.1747510649351436,3.104612616412566,2.5465619822180177,1.8285399383830956,2.893496259485523,2.059111719409377,2.039508252194866,1.7059530339440394,2.5695885916982317,2.834972941481893,3.0956520242372645,2.397194554435205,0.8830449987300887,1.9573275765963483,2.2910437558352315,3.5045044195099675,3.7679703474473034,1.938800002910652,-0.012602276149903764,0.24387828904724854,-1.5743309833841332,-0.8991851295676616,2.6401782096584783
-0.26263337548040583,2.4470424631516567,0.3233359030591941,2.5474614524894577,1.0899345513261678,2.8474544082230877,0.294533904354505,-0.1550656313452891,-0.327190678153713,2.1770356746440607,2.3332058793820996,0.001117182718046565,0.6858043096986876,1.4878766175990488,2.3198283879563624,1.6420840192630706,3.1683576183217546,3.0714474793938993,1.904868130072056,2.733172886551583,2.4730276011708865,2.7187743582864528,2.7731627804998173,2.8378878136781087,3.2155287708259497,0.42815893155560897,2.3789404208560536,-0.3733671778306141,-1.4336156430289717,-0.09520970616528882,-1.551960181157177,-1.1576340667257063,1.2973306998220082,1.1295430079902753
2.849622401254461,1.3157083390726139,1.9594892567635358,2.040609507162071,2.8683178504919367,3.013796114441253,2.721791875161186,2.2183192351362417,0.734186935009541,1.03457783977305,2.7582679899807814,-0.2994836669445888,2.2963359292616503,1.5897712641445763,0.5799750180157428,2.0014791108479746,-0.2081626394168037,2.0455100023255492,2.18474145627919,1.5687129760713117,1.5740192434619744,1.9622621010255796,2.029926881879471,1.843942623383048,1.5364452128507897,3.115957116410317,3.468511411157038,2.61116620225278,0.9451280123245674,2.956641692215748,3.1467398653196708,3.3440238596151977,0.8121700206616885,0.9072093842293605
2.328789400167769,3.071177355236228,3.1885428713343207,3.1169726157009747,2.5153137725237786,2.8199416714147048,1.6262073274191242,2.51765906177333,2.819609242054377,2.2969871521531124,1.0098285580291746,2.164908631741816,1.904446953761993,0.33412887794534446,2.7705132546878546,3.0498216103860765,2.9777022067877854,1.943642831311612,1.9405592437484123,3.1438584414476587,2.940042949554948,0.6858908966809707,1.834287729154627,0.1641393816069937,2.873233887902406,2.79750373064632,1.2022639691056425,3.2789735440878176,3.379353138124209,3.888600182863392,3.256489645901213,3.664334354968732,3.3871000229971404,0.17075323471361875
2.4746389065606924,2.9489893828225857,2.908408114111446,2.876585058986464,2.5994257508294365,2.8827354452882172,2.972886574034911,3.1270531033919724,3.0864286533605836,3.299213824578098,3.4934589374934597,3.0715909584996637,0.6999312771691009,2.126471359562091,1.4418379660767189,-0.0016106751838527577,0.33916070627328715,2.215265315775057,3.051298895154806,2.289929034784175,0.7893199584282274,1.622588417999662,1.2294446339546221,2.37799235891626,3.4177445372905515,3.4177170662938274,3.6124090152990607,3.337311110325711,3.4323091547274536,1.5615036473240225,-0.1606548383451514,-0.6972578352228972,1.2376517205808293,0.6905559507186073
2.982889380630902,2.786252998561829,1.7290770663164015,2.7748193575435867,2.9173213291517146,2.8497697378825957,2.964387286419512,1.2357146282835825,1.0888555352858167,2.1933557540152524,0.42615522622295926,2.6387181513734004,3.228040178860983,3.353600336343019,0.5425590409150453,1.222093996994949,1.8723661474951692,2.747941820087472,2.5226655544825736,2.3247277474903347,3.2501204739247918,2.696937926164524,1.6277785159385496,3.051612889678408,3.5532803159091486,2.8008734813086735,3.3842555631534883,2.4029823244817474,2.3603194687686324,0.9124340580566412,1.4058822522832437,0.5101000685323179,2.2144926699371026,2.630874894982466
2.5396481688826036,2.118780920567694,1.898899364722056,1.9569815715211163,2.71264429550608,2.827411806816228,2.0935611610967935,2.9709781782264644,1.1202936027059707,0.9299537546472036,1.1586934959146968,0.37390123420591664,0.7839701646940183,2.4586091096496365,2.680649439881712,0.9043385414924304,2.3096331890007984,2.128811913379249,0.9671142153030039,2.4463110895229456,2.6251770003754133,0.447508188007126,2.979077597297154,3.2397924069703294,2.4883509008739084,2.139191373418383,1.543541152703269,2.2694132422621083,0.5269491655145325,2.7917612896713937,2.399966849598073,1.2183967363061938,0.08258668358677275,0.6638687692199584
2.7916682105508306,2.888203380962687,1.1058231506740224,2.404505935919687,1.541307074003503,2.5349388601676592,2.752245385971648,2.340969144848539,3.1665819272439477,2.299238710719691,1.6434033627927942,1.4296439840831154,2.75451785682076,2.734998966812721,2.9463337732936026,2.9399883616181444,2.0490963622395424,2.5500187770008,1.8410167727586233,0.11999339851016165,0.09765496412254585,2.9508453232122918,3.181762355819344,3.7562083619647226,4.071997510721234,3.2324986342401862,2.6039953228607637,2.710721114666759,0.20724508801709812,-0.6894864450249099,0.6934865109966386,2.000926795078767,2.4925228137902007,3.028436230879507
2.6138317214493667,2.5198519933092083,2.5464216117187037,2.817184826131272,2.3931073036856234,2.5363782572725775,2.595233911075362,2.9595324014245454,2.8808203917908344,2.936223685635201,2.937929608830763,1.725672679965145,2.473036957151355,2.5362398969918307,0.8785287583951662,2.5768853562935647,2.4901659148680007,1.0196921099852962,1.662575226837146,1.7701570497022807,2.7187034394314034,3.2925134000051797,3.6075883372199056,2.5770218755650114,1.756947485580199,-0.04736533369736783,2.1076843262599008,0.06221425555582837,2.4779185924234417,2.933136586746708,4.000613507611605,3.509767894967986,3.482273388797152,4.091740034768499
-0.37927833040062864,1.3571083703746438,2.838407891677119,2.772948913878847,2.5742593871755135,2.365574198375272,2.537538525740407,2.0626888708207405,2.8062314247273155,2.4252168425173575,2.1665179115051454,2.393857276023096,2.5063878888084075,2.7753832173331077,2.3820965140288584,2.0776852287559446,1.6581475115867026,2.6350275678043036,1.880318555252827,2.5496165376606466,2.663557288122844,2.0140612733993124,0.5880126958446273,-0.755949335801098,-0.577709513490665,2.5651882209707613,3.5357955853619525,3.794999327573966,3.5769517745950656,3.5017233252891717,3.6565284421196367,3.018467129665305,2.7259151443591465,1.2986172291326132
0.15694305917602577,1.7750207356423904,1.958890023392307,1.4508097875276016,2.135346041157476,1.006980591516441,0.9624736789295357,2.0203451594667623,2.6172732392246933,2.2162299693004477,1.5708614519028863,2.219733227977073,2.4613652164530713,2.523930439601773,2.2873051796715007,2.069500899071195,-0.008149322475554374,0.19537146256537546,2.5367780666224355,3.5355329686917134,3.5435195446031775,1.4150483391389355,0.8441017643266783,0.19791193347862418,3.296252012882855,3.701509472882781,2.780127010315263,0.734707947751913,3.6627902531368965,2.581526608382599,3.348629594473947,2.3706924037035253,2.0088814494233422,2.9908857059027723
2.3000293947180586,2.6796387031593274,1.6546973724619645,0.5265877688596736,2.697194737577587,2.567971901546608,1.3056131627456837,1.8162780095593898,2.1276427401721083,0.4326244619406281,1.8572338795960572,1.7405482253864446,2.6069446762759663,1.6862859792843508,1.9408318191879839,0.3377388030879968,2.370849663319096,3.049110404577279,2.6583695862683165,2.583542138501507,3.1615307177855487,2.744305243776822,3.1924705625821184,3.5191957053529124,2.7996492974038127,1.8547263474450824,2.9488129981789615,2.0547235148033485,-0.39782843560797426,3.0812035861555027,2.0958670035353766,1.3464335734841235,1.428782016027651,2.190819321139641
2.780777555070237,1.5187746587283963,0.4617115431188682,2.7625942370715904,1.969991204553557,0.550710557618871,1.3587496575050075,2.5374642026107885,0.9954333512713077,2.4924325623085357,2.5211537988792814,2.3050041173602267,1.050952862714816,0.9577908494225446,2.264485730017766,2.759354394310848,3.2051831392185766,2.8958565431505066,2.497586468258233,2.089534245835428,1.8410109224906857,2.8403374837185917,2.8752698902921474,3.541140890829551,3.777937728307295,1.8970325501288707,0.5073410424155916,1.908608004200552,2.649549523775602,0.5788890039924686,-0.5061826436208133,1.2912595625499157,1.566154282346109,-0.693329284992931
2.631974809280598,2.140688782897729,2.8974322085867836,2.1357023049367734,0.6850140289971733,1.093183469311316,2.1214227710316216,0.5921101252621023,1.4978529940608565,2.572081922482346,1.9186004009906725,2.300493160059623,2.665873796014326,3.423272472960564,2.408877491459008,2.9960556760014176,3.136741687741146,2.255022764918264,2.657302428801368,2.9122726728352584,3.409719064544452,3.1432170541908766,2.3338538395753337,2.270951227904188,2.740534843821839,3.323693639262752,2.0781752626653494,1.0723432211639696,0.4812254140094992,-0.04996985005264582,0.2528917487327525,2.0799390907124358,0.8617733770199868,2.2148176975507132
2.643996951491866,2.810432325739592,2.3611511993725505,1.7860341827386588,1.2041331327982685,0.1843126724546465,0.9460993479555709,0.7594593826141796,1.8881332589886037,0.7394763968476507,2.129766659289984,2.5399881072105477,2.6708413161829894,3.1094741148898306,3.4505271357055265,2.843323209128944,1.4133712187718772,2.395550574258528,2.995453860718655,1.1985591076847821,3.0993743038351487,0.7473717336958,2.4058420599465005,2.259187927597265,-1.1007140619617273,0.7377039417860306,1.2752821605962803,3.6723536741633636,2.7048420442175796,3.621029209416625,4.056226470613725,3.6890757289735983,3.6816230558377594,3.880278603071306
