public/winds/wind-0.json
{"header": { "parameterUnit":"m.s-1", "parameterNumber":2, "dx":0.0344289384073298, "dy":0.026449798538623066, "parameterNumberName":"eastward_wind", "la1":40.24623646475861, "la2":39.346943314445426, "parameterCategory":2, "lo2":126.3422186630082, "nx":34, "ny":34, "refTime":"2017-02-01 23:00:00", "lo1":125.17163475715898 }, "data":
[rows 0 to 22 of 34, columns 0 to 33 of 34]
0.6081740769053406,-1.6912794340783075,-1.203623664138946,-1.1635505702748843,-1.2054244405965011,-1.4005804203233936,-0.9260791528999817,-0.7421381411407365,0.6910774251184272,-1.1265481297476179,-1.2448355896745495,-1.4716965799861734,-1.815948544033431,-0.4098024910355584,-1.458070562207255,0.7029504125696546,-1.3830276402854578,-0.6776210221700045,-1.620798972014127,0.7043368043526733,-1.7120422844399772,-1.023527158244925,-1.5399227042389962,-0.49707437399016263,0.15841154591548876,-1.4959952166915822,-0.6508136921566183,-0.38898279717514817,-0.9540679279971138,0.05362914531171924,-1.0825415560304963,-0.49372984753306676,-1.2197075999114582,-1.1978500193706472
-0.007093038704116056,-1.808413755873862,0.016600924896693597,-1.1911553722285908,-1.0555324185413661,-0.6469442251646809,-1.6060672063411774,-0.06695455456085547,-0.5443510588306862,-1.826939788235834,-1.4307526139936613,-1.8018699307667998,-1.7904768422120125,0.040018820738037066,-0.3139491087927403,-1.478741340591383,-2.1548295412368863,-1.5393250440545292,0.2924936194111283,-0.5562986581041782,-1.7324182374042743,-1.0833276538293648,-1.4003142701841036,-0.6277740503054676,-0.37765993110399504,-1.2317177149344873,0.42580326381365613,-1.4092056149538157,-1.6436631851877512,0.36916595170951105,-1.2087499453204722,-1.6772312267373095,1.2880207673460928,-1.0629927220837012
-0.626071659445125,-1.3310135863596437,-1.4867412678522653,-1.7901503504391125,-0.06271951440436936,-1.0256584809744658,-0.8652405552140471,-0.9615429890339147,-0.5081295085028156,-1.514939522554278,-1.40816799030841,-1.1947122713082512,-1.7275941514366195,-0.9617334207116556,-0.6734525806794496,0.764460185380055,-1.5867283093143159,-2.302159663518234,0.6158063236030389,-1.2781626507891442,-0.008995537475425789,-1.6896034104603816,-1.1006210580911278,0.09242703981055958,-0.3817744179906726,-0.9423322242837594,0.6666322912552315,-1.3744547537340637,-1.0142017800011967,-0.5426154199991893,-0.462354996701732,-1.6588479347055094,-0.13975711702952606,-1.9275483140548426
0.12640611651560857,-1.7218693244224483,-1.904879349899547,-1.7814157972565592,0.0264760124769705,-1.9001820341159332,-1.408323653656317,-0.7382944317715037,-0.6327020358665615,-0.5531783102132425,-2.0322561373222086,-1.7803192016977745,-0.6148635479636507,-1.6700053078597272,-1.1516200980378763,0.5122809355056597,-1.516582065730876,-0.6253314935801542,-0.8989889113163957,-1.759433614732879,0.036221407493327404,-1.5229556119978707,-1.755944091168765,-0.9027231365278854,-1.0128920732284121,-0.41705064460005853,0.34804094050283807,-1.6129131918318105,0.07740139318464562,-1.6262782776816047,1.023960669552903,-1.531187531441837,-1.620488106735793,-1.0539858621893587
-0.6753233931502435,-1.5611084323734725,-0.8443014240248501,-1.3396223261556837,-0.3578249686011335,-1.57115866409058,-1.6449624158411036,0.06798427521851295,-0.6262961241734115,-0.35929694139417745,-0.14484008249979638,-1.7390013326814073,-1.9830124335388633,-0.8890637607693134,-1.8663863438362756,-1.1485859958550253,-1.15474753720203,-0.7080053302691517,-0.8075395049371261,-0.9694275006634673,-1.803282819398458,-1.8980702120048172,-1.9320937674651046,-1.1474316893155683,0.16690401316762388,-0.9905804359316673,-0.6824983296222948,-0.9534328841046243,-0.7284104372894211,-0.7673197894135998,-1.228342920095325,-1.0087698355740204,-2.1163969781565095,-1.4390442140246174
0.05579989428974673,-1.46053196524824,-1.2456049184121618,0.07116290315101781,-0.706264191290773,-1.474740976944592,0.4164963517045028,-0.7532123237144744,-1.2700896405092377,-1.7563067320259527,-1.452332475325124,-1.2131413912743798,-1.000440144568327,-1.2804075841310456,-1.2367654686535747,-1.8246701619599335,-1.5203189151842378,0.29103432120571865,-1.0184744335009548,-0.6720140215144172,-1.306710840425274,-1.725116529338576,-0.8831432999005298,-0.5492895284460181,-1.6858901116321279,-0.5137778613527515,-1.616433838630237,-0.6165575376950283,-0.8351577058304835,-1.0984850196998182,-1.225258145340475,-1.797079501648438,-1.58689369391451,-2.199047347215801
-0.4899736632593491,-1.6523755639699937,-1.1251404981855297,-0.5205516670128612,-0.0002522854821902921,-0.9191318764442864,-1.284179420288235,-1.4536137269883427,-0.521315317148194,-1.2562591720212475,-1.4013371941815997,-1.4410006679818088,-0.8570405422680019,-0.23036134559527252,0.2456435757053352,-1.7647775747390833,-1.703156427494111,-0.948666817689994,-0.13791230963807227,-0.1916177464589649,-1.6669427991168346,-1.7058065378180383,0.14587984413555605,-1.188790065235553,-0.23505203256082338,-1.1457793082855339,-1.4700377518845917,-1.4761554961299952,0.4812333958946031,-1.799867792272335,-1.2785255744559445,-1.4198319032181317,-2.0822776407795636,0.815836962375851
1.1655270615390283,-1.515562436934135,-1.6709280806179432,0.04031093508146628,0.17188182539906213,-0.6474870120516388,-0.2801450645340815,-1.5939954761263155,-0.7987849967479036,-0.07026292970547918,-1.6734231520445866,-1.3357105964001261,-1.4048972613041615,-0.9603518319527757,-0.8098862472201409,-0.8599487635395737,-1.762052553590482,-0.39421523024894145,-0.0835347622662317,-1.3906191877735323,-1.5355753065253683,-1.6544503534352935,0.005745213440922753,-1.6278248248337355,-0.308408561860795,-0.7753570519909724,-0.8313407243989432,0.12331946655092618,-1.4329799314402865,-2.0454468543832203,-2.2439454837071575,-1.8212032736826196,-1.4731719886593078,-0.5093487362334048
-0.17952126670889282,-1.5151613085859201,-1.4288204464612688,-0.5395459053332229,-1.2896122014281963,-1.1675469025371865,-1.0736533749108206,-0.8833710917087667,0.35223332910852334,-1.7463489925190765,-1.5375889634984277,-0.14115909917941652,-1.687387862687509,-1.017099183098352,-1.249609678188113,-0.6587864081855603,-0.9627110333094407,-1.7367128196722819,-0.25273795704068663,0.35031357972961935,-1.414971520492103,-1.5275107958106404,-1.3797707400774224,-0.6893131239338212,-0.8148031554423775,-0.07448176439533173,-1.2572931705469637,-0.9750671080356033,-1.442025570332373,-1.138968680434928,-1.5417604368847377,-2.1892969684661314,-1.9648437352512598,-0.7842408477774074
-1.484957342525182,0.08994410912439912,-1.5408649543388016,-1.5921309114666238,-0.34615327430855947,-1.9115054440367816,-0.6781622024527868,-0.7768832203287132,-1.010341577879166,-0.847395090481795,-1.777828992913242,-1.4479983724136423,-1.6924749908695655,-0.39438977829385147,-1.6877294004834011,-1.7139327829400492,-1.1868156064089839,-0.2683689157187342,-0.04397733432275223,-1.3891298681471964,-1.4849629831729898,-1.36651638515725,-1.366019920137887,-0.30862062957549363,-0.42574466457417903,-1.129943282980562,-0.8593983779788428,-2.2120693076689295,-2.17371467968325,-1.5791995329755109,-1.7167277103518508,-1.3111309963131972,-1.902685745758599,0.4605853347298168
1.0847148340361656,-0.48797927047616874,-0.5152326791327008,-1.5408838756153294,-0.40484519462929724,-1.3075919968831664,-1.7589960377583107,-0.8288371234818741,-0.6590864971667838,-1.470168249798032,-1.9023401836651876,-1.124561648175986,-1.3325340236608434,-1.1313000437977752,-0.25178309406727467,-0.9248262702056745,-1.498062208141739,-0.05622886284438819,-0.2037940022654337,-1.6628025309636432,-0.2545992358791975,-1.2550601933702807,-1.1399379434462211,-0.864793300665504,0.5954710142967061,-0.8141646326740214,-1.5543910988501433,-1.4263995843055801,-2.212677747783064,-2.3399260804543554,-0.8499976202125479,-2.0328995442646782,-1.6472495087738932,-1.2967935986892565
-1.68773722535054,-1.035924237610549,-1.3686896496888543,-1.3047430568730733,-0.4561514065615891,-0.3834509336349934,-1.699914287229303,-1.9576529602908121,-1.8879646501525644,0.20449334872069683,-1.332425665663001,-1.8199858998697473,-1.91733928521709,-1.321453535178703,-0.5254369341439032,-1.270166969965077,-0.4720547787557482,-0.7800128594833572,-0.9214933684083129,-1.5017540284294286,-1.333710102772481,-1.1497620659194006,-0.6302615037887161,-0.8559887531937918,-0.3418372592104173,-0.824729774240684,-2.0571769867833973,-1.6704738444775584,-1.6368998292807984,-2.1972708531625433,-1.946499771910195,-1.5006221036269904,-1.5234594599473488,-1.870993325551076
-0.506141718719159,-1.2308226434699683,-0.08108685508884647,-1.5955271796720425,-0.5193483991365936,-0.4823925010059185,-0.6979468549681511,-0.8910262159501906,-1.7856853924948188,-1.6669812163027269,-1.3966399386144854,-1.594561013003447,-1.3905624953955376,-0.8755415890015165,-1.1998453357547583,0.4838326379918241,-1.1605632596559694,-1.5442435686612137,-1.403160046015667,-0.11719967646474423,-1.114680646242686,-1.4563967030471268,-1.11362286708482,0.5468947480801378,-0.045812719338988,-1.8110588595805126,-1.278242694027818,-0.4483702969757389,-1.5943935143554346,-1.5626409160830124,-1.2632356182460842,-1.560311293049542,-0.9138062993092229,-2.121756815937268
0.3393959607383081,-0.7283409428695578,-1.2479569784730131,-1.2670437301860578,-0.5501772223261329,0.023261950770543417,-1.2506307525212317,-0.17221653317575034,-1.1689519142881482,-0.39084871199514065,-1.6437202185877746,-0.6434030516239895,-1.2180993085225715,-0.47780586265085434,-1.5845141759975323,-0.4827256870045775,-0.2193008406234729,0.1086972256631214,-0.9511872176511086,-1.1803532969203163,-1.117460303825919,-1.5989676458810886,-0.5282455201350607,-0.5019252954343614,-1.4079602099630457,-1.482948898890911,-1.690161760760078,-0.5873252412057961,-1.315262630392982,-1.3433823753482401,-1.9009767261159027,-0.5294637036211901,-0.2997657967807995,-1.8464049111382024
-1.149356442584351,-1.394135869492103,-1.318101641482901,-0.8825983183487457,-0.7765736950630643,-0.742151704259171,-0.78759346632683,-1.0922196200929777,-1.1485446562997392,-1.2518663941289627,-0.9468808360803048,-0.5722351954907818,-1.2498378850096783,-1.0763928315035862,-1.8796779832636328,-1.80997256079986,-1.335471148557727,-1.1481738900483045,-1.1985093092726158,-0.06139206978643215,-0.99267710395116,-1.414292539443084,-1.632412311137446,0.07424899885158043,-1.6362843108279645,-1.7748685858071516,-1.4349184850306727,-1.2059808984156486,-0.6047635105639295,-1.6465755015854864,-1.905902373452956,-1.7347098899273488,-0.580022197901553,-1.3990385444625626
-1.1525772398006542,-0.19789759558082265,-1.5007286796192083,-1.077689479971697,-0.994939651657523,0.059293454155803026,-0.9529141846581802,-1.5368031004836173,-1.7749680742016756,-1.3762566976369488,-1.2585655240933038,-0.4043194204594293,-0.9664658850712731,-1.2466661848175928,-1.5377761822484615,-1.1932325504748682,-0.5070317879643751,-1.2675966762284112,-0.7995880857113113,0.1338279745036623,-0.6801133588862494,-1.39882141415771,0.09269802651436768,-1.7312408899882947,-1.601034864012836,-1.6069782691599226,-1.8748921526408553,0.18099770022853753,-0.858078559710584,-0.4738335295881567,0.002599671268564919,-1.3980199966166398,0.006702880821458566,-0.8139084966408222
-1.4336031364233794,0.010187710881434275,-0.08130559870953145,-1.7563775237197574,-1.227009169969655,-0.9105330305373471,0.09287026362338884,-0.7999877478035868,-1.4485367935440536,-1.6797265251399207,-1.055890604902368,-1.1152193113589461,-0.8440834302298291,-1.263814580310512,-0.7537723113079845,-1.6642654314583298,-1.5728528044525814,-1.2366540350731188,-0.8723481008917655,-1.4493032480777757,0.24426870532031775,-1.3631481524055242,-1.51663428855878,-1.6943930733923354,-1.6519792977198857,-2.1950601821089424,0.15504581659690134,-0.5226990525994265,-0.3869241376721874,0.253764996496945,-0.2513077946941067,-1.0096362123430211,-1.7984992357880758,-1.8521987681225958
-0.6455243019639647,-0.6819771305674398,-1.5319762097658327,-1.592702470645376,-1.8427530462700967,-0.8998870212855821,-0.7816611829968397,0.7600025229794662,-0.8404967430524667,-1.1309909571610284,-1.5637938672815745,-1.4589743581105548,-0.9399960479288948,-1.3590728808914865,-0.6384706804147624,-0.14937910798176413,-1.4418807020140931,-0.8626686421428641,-1.0025713103707155,-1.0510831212131326,-1.2077009344077352,-1.218582436735806,-1.91819701532115,-1.8919738489859168,-1.2703635754193427,-0.47165293500430394,-1.5251806916572708,0.6392927554162878,0.17081118078326488,-1.623925777717372,-0.4733446749036164,-1.2552655707092402,-1.5679897035513888,-1.720663333924496
-0.7165836293640239,-0.3606212280752749,0.1709163146208341,-1.3630205992680737,-0.764149288022305,-1.3235088544318052,-0.5529769875459175,-1.0537049551571265,-0.6188035509595124,-0.5893739369140123,-0.4586982096892936,-0.8757276588284294,-1.0373077609416763,-1.354204900203638,-0.8384848357322398,-0.41293957724832986,-0.8410985100118749,-1.064791940130282,-1.3672142457776146,-0.27255579902121924,-0.8441357280666723,-1.8412187325226295,-1.3935471370699684,-2.200574118042668,0.8936940054494711,-0.937371199078906,-1.9059145578063712,-0.6208405866178502,0.7696160982689136,-1.3883634522559976,-1.3767806675670264,-0.6278327277523055,-1.8327447353443416,-1.2218604449577821
-1.1269072962775901,0.6794211466992559,-1.515511648756239,-0.15560405789951037,-1.115732048733027,-1.3084632411126595,-1.3890843723071546,-1.4861558514110607,-0.861868552350875,-1.0507118990912614,0.1967584736375518,-0.72920794829697,-1.3915235844617155,-1.090365843234949,-0.26286875664409753,-1.5219717187196335,0.44297006678627804,-0.5738315273840158,-0.5819089883589593,-0.9790849649292611,-1.6005882618467184,-2.1425399940212886,-2.165777467272559,-1.833252590706386,-1.6650011743432134,-1.213491197960083,-1.9861015100520039,-0.7259516237606275,-1.2083072593177882,-1.3438331724661154,-1.3383330993942184,0.26139142926579356,-2.0579771045574256,-2.0540678401781864
-1.4980619470969008,-0.2274079955756678,-1.1351425488330555,-1.613336219530608,-0.16644089955839217,-1.3356992992984127,-1.2999910600257407,-0.4183526324799841,-0.08419382860955883,-0.12155629459020117,-1.4826460596979107,-0.15031566003133523,-1.2825093625562989,-0.7754088159825748,0.38315659425870635,-1.0518099020933995,-1.1269167756392977,-1.517046197259496,-1.303529404019288,-1.283699582900612,-0.958022968106795,-1.7505343727162768,-1.8431234769949274,-1.5085821866381077,-1.8010451135874563,-2.257851574657318,-0.6835384994415401,0.49780846699367903,-1.006038455949669,-1.5427426284889572,-0.9080568452916914,0.8114262832454187,-2.000734656538021,-1.8129179779541411
-1.2211704698805486,-0.07288841395317924,-1.3598904797436686,-1.594384098862375,-1.344808758441855,-0.6663692421100508,-0.585409182604249,-1.364203646163631,-0.8487429668277638,-0.7926737720675207,-0.41045822201082727,-1.3902294360886547,-1.2559686883740275,0.12248275438928018,-1.0351669929302403,-1.49270896994264,-1.1367460097169557,-1.3894960023422984,-1.1872342128209634,-0.6851320126711499,-0.6991368565178011,-1.0080737736920338,-1.3296904617545453,-1.2633204822644504,-2.2293080469945528,-1.7325466561068197,-0.28135999494283676,0.16726977685783287,-1.6976291318832586,-1.6814123772307585,-1.01380588232325,0.10044936996209224,-1.1412618117011473,-1.8277534088915495
-0.6300729432115644,-0.651677689728445,-1.6044439899670306,-1.443268776572362,-0.09951774079220105,-1.2758167473457651,-0.8062513879213543,-1.2279553094623445,-1.2733381806864117,-0.6981175597219603,-1.1146462567147981,-1.0732652515939052,-0.8890024720616533,-1.6145795725331968,-1.2730021093331247,-1.0946727089239954,-1.3237119251116964,-0.8700134955666895,-0.30654692544910267,-1.338758149788315,0.5404660688660686,-1.1772730355856285,-1.4615842554461687,-1.9249711384623185,-1.3197855510363494,-2.179840201100694,-1.4024406891773697,-0.2879635851930513,-1.6384395668112521,-0.018438991720403478,-1.8927155962724997,-0.2808395814079166,-0.4365766458992507,-1.5874063922148143
