public/winds/wind-0.json
{"header": { "parameterUnit":"m.s-1", "parameterNumber":3, "dx":0.0344289384073298, "dy":0.026449798538623066, "parameterNumberName":"northward_wind", "la1":40.24623646475861, "la2":39.346943314445426, "parameterCategory":2, "lo2":126.3422186630082, "nx":34, "ny":34, "refTime":"2017-02-01 23:00:00", "lo1":125.17163475715898 }, "data":
[rows 0 to 23 of 34, columns 0 to 33 of 34]
0.40376266813604345,1.6459568268529279,1.2146563609205436,1.9491152019347115,1.8403673323585736,1.114663395921274,1.7952095706529787,-0.7568559833047318,1.6944946127065985,1.866357230372081,0.6832161844391688,1.1044044442399716,0.5919720309464473,1.7116255193064431,0.8142052785536454,1.492769479011462,1.6067465718670257,2.1140552855385026,1.137282151586821,0.7098659493413274,1.6819367456267622,2.09315363897041,0.015429354142580507,2.1020268948617877,1.0683191387037232,0.6960591294106454,2.0701066489679874,1.0075179320993735,1.3828067069432712,1.6991538820169096,1.4255538500761984,1.4058203433067025,1.3776477672896763,-0.42196603073439437
0.779967748565248,1.7978152540142134,1.4899075170266691,1.9088344294911928,1.675186948793541,1.8607426392508102,0.856123897993419,1.7587259842350533,1.9452716840456787,-0.10578757091835646,1.9144312360464415,1.2447348121581754,0.891174886036686,1.9795955379790935,2.3289345111205346,0.06102497542809151,0.5339565976863954,1.5996494643347718,1.2871858772546327,0.12422480827713384,0.4088117546121535,-0.385877175340242,1.6182459469186883,1.9515121679771992,2.014912647346908,1.6010220081924436,1.0250812555722781,0.04732372325417216,0.34752170242800107,0.8208023514211025,0.7259638900715072,1.6317154813438708,0.9492115164099002,1.994403788804334
1.952058984057507,1.1818641347151708,1.3076698369485464,0.5742488335405844,0.42540129585237524,1.2796971049452097,1.9244372636209492,1.5687686509615513,0.6049003245070109,1.468692698627938,1.8185331756860452,2.1618424060938115,1.533466154801594,1.855577761099291,2.1887351647872313,2.041568177888922,0.6101583994509396,0.19016015268612843,0.23745014594754285,1.6027477150592566,0.8299512517645408,0.45578538300459714,1.4620305354151693,0.7342051772575955,1.148193491432469,0.8809710432678378,1.6288650614018954,1.8566028465823903,2.0531670047617667,1.9145935615631593,2.2836654433224104,0.9864702375253224,1.4030566447009882,0.8582875374746705
0.9011778368931641,0.3643707310048125,0.36747062784157136,0.46060585893448897,0.6194344362104187,0.3910348286572876,1.3487492304176196,1.408197902290439,2.45993661174639,2.0050919572701953,1.1190777418554152,-0.32644071447385276,1.5419282789369781,0.8849758593997563,0.20656996343910214,1.9332791425754963,2.000019709378752,1.7198431681804054,1.1630644596625594,0.04464700827597224,0.2877290559523009,1.6967634495957857,1.3746127995510227,1.6148036842840239,1.3151614532030083,1.2312874399743854,1.6026439104598063,1.2161048620965715,0.5546251205391584,0.33289482354184047,0.9838214000563162,2.1995146609097778,2.5246818207306534,2.1003842034982445
2.062241090334503,2.1413641592154375,2.042365076422335,1.70713561947059,1.1768012966705967,1.1717766221652932,1.305411295519615,1.4484053777596289,1.8043982833192238,2.180597557529768,1.3924874687053568,0.6875858964029801,0.3282707547593519,0.8928413236889996,0.11619817357196405,2.164081839978729,2.329497397578681,1.9664252979227228,1.8951200352394308,1.2854222345040494,-0.24611191206918162,0.9443142857650672,1.0096601773480518,-0.5205771012582295,0.8640272278050858,0.13693209977732718,1.2452293082251065,1.297330233790895,1.8303874548433274,0.0641898806220171,1.6287337629740748,2.2765068457696245,1.440299910036099,2.5407777844751145
1.8391537107586342,2.041309966293241,2.156053892468236,1.7285357506326327,1.0070208002322445,1.6054715976685823,1.2103432525597189,1.9388324309760867,-0.5647763318970753,0.11395904106440365,1.8728668882534067,1.859217030036263,2.203524340037138,-0.32086822606749243,0.6977185503812433,0.6878072404773812,-0.6150043870843706,1.7459092255556492,-0.055765834566600815,0.19595191983754648,1.8439378458926083,1.850641229466918,1.8278287424813087,1.3527309466185622,0.9187897101627831,1.4411565873227632,0.10743204983205253,1.422095918956047,0.4091596343628775,1.257867505540663,1.8272226129502722,0.9003361954042506,2.534140565204378,2.3109069138983394
0.005080286627143721,1.3911344275787463,1.8320913894625501,1.9724669736069427,1.2799999751375137,1.547642269293523,0.38273125885949355,0.6191987828727221,2.0239393123576304,1.757103552074405,1.8614924303373466,2.091678052396205,1.7738042476296445,2.107447188058466,1.6214990699086747,0.6765058105427024,0.990029385162631,0.49490531318014747,0.899488851987779,1.528032276897968,1.6279440114673887,1.258818515727044,0.877963023751562,0.27418639790706195,1.9659986118990587,1.6270494081940854,0.6316557670393708,0.5908171893616566,0.7486751088928684,1.6026777375195276,2.524732135388247,2.4596091898112546,2.350259523267483,1.7490883484893907
1.746867673528879,1.4099540771792056,0.9457268894360759,1.179311251753691,1.9122909397101389,2.3421487077520164,2.1518407800804398,1.427857983865637,-0.3447354478008487,1.3681970328535298,1.3015586633729426,1.3512502368785804,0.5535012964574397,1.845026926325182,2.045503426192114,2.0249662031961813,0.1675434223873364,1.6947549534489563,1.7980606061790922,1.0458385509226944,1.388131289896428,0.7821087060107648,0.49996699143295276,1.7499389531223704,1.824111882251458,1.789223698123817,1.4828596022401583,1.8057940937907608,1.8877151575620172,1.0296830414713984,0.822683819064318,1.7417286344111442,2.142373518280503,2.3350939734617606
2.0120069867670027,0.6781491052594569,0.5471490946480861,1.7172333027396578,-0.03162862512853168,0.84287260625543,0.8984811798488629,1.3579600562362877,1.6017277177676381,0.34447815072600235,1.723925804472986,0.7976052336330647,1.5184275421813451,0.0768716575901997,1.4708418175244409,2.1200001104693293,2.2746620554148853,0.6933459324074474,0.9985106534588903,1.4379431128723486,1.6976323501265715,-0.19573136867130878,1.5026086332861934,1.738317409788154,0.9479429402032301,1.0573800011219043,0.33047523855194305,1.5367641767125773,2.411775747143087,2.5250050188045803,2.0185575927520576,1.007511182997493,1.3072830971307923,-0.4415498756396306
0.5397237171743979,1.9379138415403865,0.9872361381607155,0.39334356579516777,0.8307694690378693,0.47649442537950704,1.5261048545772944,1.1766700735429996,1.5972820339591367,1.496770376720274,0.3895177428013873,1.3209469003284888,1.3580973474979852,1.6536192738285698,1.1811729216096767,-0.7725505909410577,0.3923884763650381,1.891052121194958,1.1991938934408668,0.4493531010478872,1.442145949134821,1.8126039195303432,1.8628176448022176,1.2319307232959271,1.1539677121075007,0.011321539078646735,0.03216252364684825,2.256623446228702,1.7649261999668837,2.644339016663697,2.52098115195455,3.2451402913443914,0.25726825083372407,0.9879074599535236
0.5361844168025526,1.0853461344592084,1.8599557216110654,0.7864965873217011,1.8972876345945984,0.5002031284259354,0.9931429600770294,1.7207931376950258,1.8988693976291307,0.42368067844284735,1.144334665040215,1.9718674142679344,1.9356789702288557,1.600549971385821,1.1630585856017357,1.7958553310156866,1.2483227229116263,1.308792693662074,1.0707791577354484,1.5453115359114171,1.771801125716351,1.8674377930783541,1.192913024948424,0.3932334511763504,1.2559913499433235,1.4121033782633534,2.170891133109959,2.4094364955094516,1.247259870462313,-0.018599408848601534,-0.0020113758985435123,-1.1385163340630924,-0.750112695429272,1.6771184699950592
-0.5333320336957649,1.4964160430612214,0.17631971765687782,1.5157986527047411,0.669347364446805,1.7893756960164773,-0.017070913088951412,-0.09588997374397497,-0.2135169308844248,1.354652158426286,1.4510485331244123,-0.0071640962657955965,0.45244896437412496,0.9880589832412374,1.5112630572595414,1.0531741871170859,1.964068299691704,1.8849880474529797,0.6880043400876925,1.6620273277223767,1.5037677220111545,1.6608573664745423,1.7073870202276888,1.7520796940795067,2.0111557095897648,0.24376381905629507,1.4205713093853407,-0.6968623500493953,-1.0034734420504077,-0.10954815307593745,-1.0674917507660466,-1.3069939946710183,0.8406374211852177,0.7344957288802467
1.8624501498220067,0.21811836310040353,1.2373459184608806,1.271177807754595,1.681629340941177,1.910025516838258,1.6808540054508205,1.3887304571044317,0.22655612777107728,0.5950408595162868,1.6738568881080984,-0.3833734156268798,1.4235293977994747,0.9744367223830902,0.2208419576700748,1.3243889075395763,-0.14830010228152485,1.0004557964490384,1.325157305856671,1.0132444107107421,0.9887300222467141,1.2357219118205596,0.9129316019865811,0.9312927222535151,0.5280162826530704,1.8794057058376012,2.125204840754064,1.7122686929304896,0.5603653463423004,1.8083841868870798,1.922039482631518,2.054708901227146,0.5371759928950502,0.5815049561471907
1.481624237731862,1.9376324395870035,1.9676136256593943,1.931502054308046,1.4169350810935202,1.829852147482509,0.3899009115764897,1.459877209117577,1.7204509356799669,1.4481841334346057,0.6291135374523097,1.332828763630549,1.2143451216918661,0.22935029456373704,1.680897030178488,1.9099413370849794,1.8873015501773525,1.0544121173114147,1.1468839858403912,1.9272690768155178,1.836785907331958,0.40718849127337725,1.1328974668774043,0.09039357169140445,1.7293201112462713,1.6921473231602011,0.7522321599508975,2.068223648700148,2.11428101563906,2.4338701266919975,2.042152660005041,2.371617209110217,2.1693871178469673,0.11527750918859721
1.197739440734021,1.8167237482334782,1.7863392910419014,1.816981069920093,1.6238636938290414,1.814059218400879,1.6960532219831101,1.9442109714441875,1.8998013507957392,2.0241616860445086,2.1398637064691437,1.9476773041347546,0.4246236700827386,1.3415582254556422,0.8670125023515878,-0.0099664011356442,0.11007638879389804,1.333902814380172,1.8686828076446997,1.5087514751500122,0.496681152542693,0.21136842923112256,0.7343909357058421,1.4981612350376503,2.071756176324389,2.1136323008307096,2.3576702359145307,2.16702793536599,2.2501469054909267,0.9679303268203263,-0.12504456352192303,-0.9123494932251814,0.15353908278171924,0.45121076129462434
1.8621669383526025,1.8192681335260423,1.0818102560839344,1.720315489890832,1.8266075357228786,1.8890696880460163,1.8037612249622277,0.5725698475679107,0.2314915453419295,1.1755924047940427,-0.060106751399055726,1.723202195402313,2.0318572029041313,2.097480255838502,0.3164560211298668,0.7698026243701959,1.2511669616776369,1.724180578250052,1.4204080023671086,1.363447862310931,2.007945671342844,1.60629967667737,1.0057370808915924,1.8449132718999386,2.1865011694978347,1.755568523996651,2.277559969784712,1.589729484067016,1.4906713874509732,0.5813620096274175,0.7499954944593303,-0.3847597809803025,1.4299842906090587,1.6390402554836403
1.5888304022887558,1.219957462597363,1.2473529571129756,0.670475946005562,1.5920265377217735,1.541113104317939,1.2966784929713775,1.8002554272558504,0.6556227251622018,0.03031172613638802,0.7583502030585286,0.23640196186173548,0.4779363585368299,1.4981230612318082,1.5904173360176312,0.5725561751067044,1.636775505536923,0.9344446465882147,0.6021700680626114,1.477978381137968,1.702566533090891,-0.13684704817205984,1.7688189378135355,1.9852284787500092,1.55687648832684,1.3934528326857203,0.9271250157102869,1.4485805812627968,0.048884677421807694,1.7820222575918925,1.4585075907673517,0.7538134508786892,-0.20371671229849322,0.3761113177838951
1.7763441039319876,1.8268571901993327,0.6895280217014486,1.4590746519627142,-0.16358854013126575,1.3470721394646106,1.4531021282057157,1.5206564914749305,1.9897651180273002,1.413138158433202,0.45983555827332145,0.8919046038539631,1.6856178184505701,1.54807005798359,1.8742345611610918,1.924210456810422,1.356974591198872,1.681636944724808,1.155746844088941,-0.5579644005676877,0.07455503357040073,1.7834396106622243,1.9705380509934414,2.4556943935989706,2.7838420189097985,2.189781612148076,1.5855042913205406,1.8104432531488663,-0.1540244802602067,-0.5356912062606859,0.4454714567067004,1.1904656009276393,1.2090526413505858,1.9224249507556435
1.6293888124470117,1.476601615149286,1.6411238872786025,1.6885126135066038,1.267468289786772,1.5392284795444144,1.6708729608335404,1.804939297449451,1.7858281455167788,1.85880024814031,1.9055697185954221,0.9059255309145878,1.4218272078878524,1.332714931357961,0.526348914929136,1.659391727574285,1.2900206573756114,0.6354668553383329,0.4829339562950076,1.0760173494976302,1.691015929138856,2.029165734731336,2.324247486126229,1.5816363523265176,1.1418454469076278,-0.3184889874664019,1.2513551447697588,-0.1925018597520648,1.436868491298119,1.8085482919844322,2.5182086874232037,2.2542018689467676,2.182555093249103,2.6300298578243497
-0.27509988294496135,0.8523420119986275,1.7433658372482082,1.8534798022005003,1.550239334886714,1.191983198982668,0.9270084177676261,0.20332433527904403,1.614336581530818,1.3491124879371752,1.4063022801132838,1.4801201870593224,1.4917312472046766,1.6527257267636815,0.6595453106348237,1.250800578596606,1.0829023593710378,1.6532445004233727,1.2070550647203517,1.5342074929583247,1.62373557454362,1.228992422279022,0.38653326151116796,-0.5359896814942656,-0.4314754795300887,1.302243875959262,2.314713976233165,2.4131709926897655,2.2000212651426656,2.214094036977575,2.3334447743766864,1.9525815016808865,1.716720780184546,0.842143282313479
0.07622599727286315,1.1374909246003928,1.1974770953253318,0.9053431629778215,1.3900710150759181,0.6374224516392006,0.5460066335248597,1.2730204534480456,1.3273324373434352,1.4448958672670844,0.9849673404038628,1.3818484730061193,1.5084991663754528,1.4903493443137759,1.439892712765805,1.2056931325417235,-0.08341810824232622,0.09471449403603661,1.5561847875034374,2.2033191736243736,2.265787278757617,0.8816061535282242,0.5009948588060846,0.06542007458101247,2.0115259130378482,2.434030868090516,1.7513352391193433,0.4777936062667678,2.288642965853435,1.6515281354681737,2.210776507410666,1.4824599107087266,1.2327046824473773,1.8636867776562318
1.4162071470980933,1.7684985946026053,1.0531371625303774,0.13393784116078924,1.6388683300430444,1.4766015146848783,0.8230407577529955,1.1120019837184891,1.2609660488135297,0.2779717451041533,1.1912699307813115,0.8316622601949794,1.5564519439494509,1.0528997933693478,1.2068675555949644,0.14771571024363853,1.4341229059577074,1.8578753616630934,1.4576950723341926,1.6211706033644884,1.8738216713066393,1.7041676169890985,1.9859565141057305,2.203547448795037,1.7432973445758857,1.1327762728858142,1.9801102376498554,1.3194395862448312,-0.2765055706153023,1.9568475714002893,1.1987900704321737,0.7835878534498979,0.9105610782109099,1.3961796002969384
1.7712730129013754,0.9956988443852872,0.28750562265575696,1.6868240093653277,1.2159342989107662,0.29730729421269275,0.8478553529198772,1.5659584151449353,0.6507763652793631,1.5390685081593525,1.5139232881462943,0.9600529671435171,0.04212605688014795,0.5929020188517818,1.3834253249212314,1.6738254569509337,1.9658806523583996,1.7674774447024297,1.5703595074051364,1.3056135019121733,1.1603001458262676,1.7510363216344196,1.762915614608898,2.2089332529723675,2.4239979577705255,1.118390226023675,0.22262100830717738,1.0926925338825941,1.6425333439255825,0.3895638632937286,-0.3225332101146108,0.5750905402757258,0.932899154386668,-0.4855316116954142
1.569722349585798,1.3516361045000809,1.7877074431687947,1.3923047364329528,0.42454020722275687,0.6583413195899959,0.887948640084456,-0.09690007036512815,0.9171447371782097,1.5638154238115956,1.1816003541033138,1.2631391432817203,1.6063611028752525,2.1101058266568553,1.504337303466611,1.835045217545638,1.9259548240097175,0.845357102951413,1.699450124329841,1.8296521189328254,2.181489575386012,1.9617658154737962,1.4483689541194331,1.4092230867226327,1.8290992217588413,2.270558433296657,1.0250565434794723,0.594493547976623,0.24828409916355232,-0.011850732929487205,0.18520235968225432,1.3162686179905911,0.5061831887455465,1.4073775545308933
